 0.000000000000000003669596411063327237406
 0.002386252503117228598861210286941059167
 0.00458892908976766232542754408996188431 
 0.006241921853723349927767216627216839697
 0.007035979237627726888548718164884121506
 0.006772135418102499977710539980080284295
 0.005402141289094440287921194965292670531
 0.003048586922159693488737497446550150926
-0.000000000000000004071359169448207352575
-0.003320290155346560748844675359237044177
-0.006408793264791310707872984409050332033
-0.008753470682670237354439102261949301464
-0.009912707683299989275260699628233851399
-0.009590190800225172756965363873860042077
-0.007693988082269388045775215800858859438
-0.00436961751857166402768228863351396285 
 0.000000000000000004407670434680947141269
 0.00483043125315740611014359018327013473 
 0.009405119999009321427041463437035417883
 0.012970861815508782227679418497245933395
 0.014847627008882214802443222367855923949
 0.014538084749679104981656685424695751863
 0.011821187464608135311849856918797740946
 0.006815344663980809659931114907749361009
-0.000000000000000004661356123682460290993
-0.007810530201222592831811208924364109407
-0.015540915777043699114168262553903332446
-0.021969816395346071502547857789977570064
-0.025873528169544027927040374947864620481
-0.026181231640092006429654247767757624388
-0.022122352838025671067923028090262960177
-0.01334661285055746549055299965402809903 
 0.000000000000000004819160106261071567734
 0.017255117413837211398641713344659365248
 0.037280807231072451979336790373054100201
 0.05856279478349828149230660301327588968 
 0.079358081255692838884563400370097951964
 0.097874570694884005517266700735490303487
 0.112461908070202801224191091478132875636
 0.121790908463742894585202236612531123683    
 0.121790908463742894585202236612531123683
 0.112461908070202801224191091478132875636
 0.097874570694884005517266700735490303487
 0.079358081255692838884563400370097951964
 0.05856279478349828149230660301327588968 
 0.037280807231072451979336790373054100201
 0.017255117413837211398641713344659365248
 0.000000000000000004819160106261071567734
-0.01334661285055746549055299965402809903 
-0.022122352838025671067923028090262960177
-0.026181231640092006429654247767757624388
-0.025873528169544027927040374947864620481
-0.021969816395346071502547857789977570064
-0.015540915777043699114168262553903332446
-0.007810530201222592831811208924364109407
-0.000000000000000004661356123682460290993
 0.006815344663980809659931114907749361009
 0.011821187464608135311849856918797740946
 0.014538084749679104981656685424695751863
 0.014847627008882214802443222367855923949
 0.012970861815508782227679418497245933395
 0.009405119999009321427041463437035417883
 0.00483043125315740611014359018327013473 
 0.000000000000000004407670434680947141269
-0.00436961751857166402768228863351396285 
-0.007693988082269388045775215800858859438
-0.009590190800225172756965363873860042077
-0.009912707683299989275260699628233851399
-0.008753470682670237354439102261949301464
-0.006408793264791310707872984409050332033
-0.003320290155346560748844675359237044177
-0.000000000000000004071359169448207352575
 0.003048586922159693488737497446550150926
 0.005402141289094440287921194965292670531
 0.006772135418102499977710539980080284295
 0.007035979237627726888548718164884121506
 0.006241921853723349927767216627216839697
 0.00458892908976766232542754408996188431 
 0.002386252503117228598861210286941059167
 0.000000000000000003669596411063327237406