 0.001381717542891144337099951222569416132
 0.001436307078799493137585829849456331431
 0.001477777941478496939384235098202680092
 0.001504499352027842276960378775640947424
 0.001514911834398708192009341821915313631
 0.001507552299451697707180497509682481905
 0.001481079367616494916679026339068059315
 0.001434298621410840402640163304681664158
 0.001366187466840172249141205362832351966
 0.001275919274175798742709808664130832767
 0.00116288646403346347495133539240441678 
 0.001026722204233720524974016186092740099
 0.000867320386759464715537015777613305545
 0.000684853562319491558987860635454580915
 0.000479788522610325167839367965783026193
 0.000252899237314203233564779971231928357
 0.000005276874093098519434574551062455683
-0.000261663344807181754130692707960292864
-0.00054617866644569390641855699541906688 
-0.000846198895717976073103938627895104219
-0.00115933019637292343030632313372052522 
-0.001482862713060847286231092034824996517
-0.001813782081087734728355731483873114485
-0.00214878484656421363252487566342097125 
-0.00248429777403186323805894808458560874 
-0.00281650097195514223166745715332126565 
-0.003141354719240188955731163389373250538
-0.003454629828759298460633120342322399665
-0.003751941337311375836149895945936805219
-0.004028785266128578380906422040652614669
-0.004280578152540630461342363588528314722
-0.004502699012312737399110762481768688303
-0.00469053335404565844429791710012978001 
-0.004839518832405601163337838244160593604
-0.004945192096343028337335212540892825928
-0.005003236362329422856620730897247995017
-0.005009529221406416182871268460985447746
-0.004960190172869638480790399626130238175
-0.004851627367004473535827546726295622648
-0.004680583034696759667236953816882305546
-0.00444417708313213019599707820361800259 
-0.004139948344272260070952906829688799917
-0.003765892976394927867817008504403020197
-0.00332049953864384413126931150372911361 
-0.002802780284147361397617537193127645878
-0.002212298248624974036230517171475185023
-0.001549189748236746294596244410968211014
-0.000814181942400335153554868927727738992
-0.000008605163989034491102392797345910225
 0.000865600229743903053399034508430531787
 0.001805882677530811159308243851739916863
 0.002809084040004451894578796355972372112
 0.003871450105182098946204893863409779442
 0.004988646985490475908864294041222819942
 0.006155783355150811278488909294992481591
 0.007367438413213515079058790746557860984
 0.008617695394366246125494868124405911658
 0.009900180387580722468632288268963748123
 0.01120810616245347147990063518818715238 
 0.012534320645458512863412714466448960593
 0.013871359633967133770382496038564568153
 0.015211503285472268570677201182661519852
 0.016546835873608070621720855797320837155
 0.017869308261860866737791297964577097446
 0.019170802510844683202995142323743493762
 0.020443198006123451671012247743419720791
 0.021678438471188471448058976420725230128
 0.022868599214657902435332559321068401914
 0.024005953952286912533864438046293798834
 0.02508304054311180641967382598522817716 
 0.026092724985064947446078420512094453443
 0.027028263028663609968127445881691528484
 0.027883358787789681160207422294661228079
 0.028652219753938605595333655173817533068
 0.029329607654348565509705437648335646372
 0.029910884634762473915925440337559848558
 0.030392054293790025237820273673605697695
 0.03076979714741422122781244752331986092 
 0.031041500158554478222550088162279280368
 0.031205280027122056507593583773996215314
 0.031205280027122056507593583773996215314
 0.031041500158554478222550088162279280368
 0.03076979714741422122781244752331986092 
 0.030392054293790025237820273673605697695
 0.029910884634762473915925440337559848558
 0.029329607654348565509705437648335646372
 0.028652219753938605595333655173817533068
 0.027883358787789681160207422294661228079
 0.027028263028663609968127445881691528484
 0.026092724985064947446078420512094453443
 0.02508304054311180641967382598522817716 
 0.024005953952286912533864438046293798834
 0.022868599214657902435332559321068401914
 0.021678438471188471448058976420725230128
 0.020443198006123451671012247743419720791
 0.019170802510844683202995142323743493762
 0.017869308261860866737791297964577097446
 0.016546835873608070621720855797320837155
 0.015211503285472268570677201182661519852
 0.013871359633967133770382496038564568153
 0.012534320645458512863412714466448960593
 0.01120810616245347147990063518818715238 
 0.009900180387580722468632288268963748123
 0.008617695394366246125494868124405911658
 0.007367438413213515079058790746557860984
 0.006155783355150811278488909294992481591
 0.004988646985490475908864294041222819942
 0.003871450105182098946204893863409779442
 0.002809084040004451894578796355972372112
 0.001805882677530811159308243851739916863
 0.000865600229743903053399034508430531787
-0.000008605163989034491102392797345910225
-0.000814181942400335153554868927727738992
-0.001549189748236746294596244410968211014
-0.002212298248624974036230517171475185023
-0.002802780284147361397617537193127645878
-0.00332049953864384413126931150372911361 
-0.003765892976394927867817008504403020197
-0.004139948344272260070952906829688799917
-0.00444417708313213019599707820361800259 
-0.004680583034696759667236953816882305546
-0.004851627367004473535827546726295622648
-0.004960190172869638480790399626130238175
-0.005009529221406416182871268460985447746
-0.005003236362329422856620730897247995017
-0.004945192096343028337335212540892825928
-0.004839518832405601163337838244160593604
-0.00469053335404565844429791710012978001 
-0.004502699012312737399110762481768688303
-0.004280578152540630461342363588528314722
-0.004028785266128578380906422040652614669
-0.003751941337311375836149895945936805219
-0.003454629828759298460633120342322399665
-0.003141354719240188955731163389373250538
-0.00281650097195514223166745715332126565 
-0.00248429777403186323805894808458560874 
-0.00214878484656421363252487566342097125 
-0.001813782081087734728355731483873114485
-0.001482862713060847286231092034824996517
-0.00115933019637292343030632313372052522 
-0.000846198895717976073103938627895104219
-0.00054617866644569390641855699541906688 
-0.000261663344807181754130692707960292864
 0.000005276874093098519434574551062455683
 0.000252899237314203233564779971231928357
 0.000479788522610325167839367965783026193
 0.000684853562319491558987860635454580915
 0.000867320386759464715537015777613305545
 0.001026722204233720524974016186092740099
 0.00116288646403346347495133539240441678 
 0.001275919274175798742709808664130832767
 0.001366187466840172249141205362832351966
 0.001434298621410840402640163304681664158
 0.001481079367616494916679026339068059315
 0.001507552299451697707180497509682481905
 0.001514911834398708192009341821915313631
 0.001504499352027842276960378775640947424
 0.001477777941478496939384235098202680092
 0.001436307078799493137585829849456331431
 0.001381717542891144337099951222569416132