-0.00000000000000000676848524162524435722 
-0.00144290849179885653785770927015619236 
 0.000000000000000012543225526583894798854
 0.001571049411249094166984074938397952792
-0.000000000000000019262714582266120509419
-0.001707250176023756334936498646470681706
 0.000000000000000001740246418771978105338
 0.001851990400478558708441401137179127545
-0.000000000000000008498817723493544804489
-0.002005796770045008021315924295890908979
 0.000000000000000016354294150766679381384
 0.002169250416437073798042733940860671282
 0.000000000000000006632764458903769079114
-0.002342995646893254735321221460253582336
 0.000000000000000001189277879260092245706
 0.002527750316939316420350447600640109158
-0.00000000000000001028508790646188797431 
-0.002724318209511960610369474267145051272
 0.000000000000000020778239784173854585722
 0.002933603878294525554859539795415912522
-0.000000000000000032805177957788163981227
-0.003156630537124040670332592029012630519
-0.000000000000000000004052657098179091628
 0.003394561740510301881684762648205833102
-0.000000000000000012068489798185648772336
-0.003648727816907471402374518731903663138
 0.000000000000000025944246330815100761113
 0.00392065830655560602913123346979773487 
 0.000000000000000015935671762775294397868
-0.004212122048318485932616450639898175723
-0.000000000000000002144034369648875184284
 0.004525177096794254921752198583817516919
-0.000000000000000013786207654599911023358
-0.004862233393446878902677266154341850779
 0.000000000000000032105798212266016027556
 0.005226132154987234504361914844139391789
-0.000000000000000053106046346024622302542
-0.005620247416866457242090593382499719155
-0.000000000000000005718840349373348209668
 0.006048617291802504090936221103902425966
-0.000000000000000015374540167841315505595
-0.006516115604754543592924687089862345601
 0.000000000000000039783007612541636459487
 0.00702867917611607086192382354283836321 
-0.000000000000000016100851360932131790934
-0.007593613006320607157484392502055925434
-0.000000000000000011617188688324815060802
 0.008220006404557356552431635066113813082
-0.000000000000000016772206763258853800994
-0.00891931015870045529325693678401876241 
 0.000000000000000050127949336654630029472
 0.009706152483488952875667621356114977971
-0.000000000000000017381863421863882037433
-0.010599517550585543443353309100984915858
-0.000000000000000021751081904702941090379
 0.011624489638714412959030752858780033421
-0.000000000000000017923628432978616168045
-0.012814907186356097601453996048803674057
 0.000000000000000066079561122898063897699
 0.014217533340318137466407044655625213636
-0.000000000000000018391945292820838079089
-0.015898860409392871068101626974566897843
 0.000000000000000018597017666940966945663
 0.017956717312137670389260435399592097383
-0.000000000000000018781971918337638795264
-0.020541162803476273324143619447568198666
 0.000000000000000018946325637503076213738
 0.023894664539145581833023967988083313685
-0.000000000000000019089649032410741311763
-0.028436109578477367781923490497320017312
 0.000000000000000019211566459554869208536
 0.034956828550461560567441665625665336847
-0.000000000000000019311757764242507105166
-0.045152660795464358289841300120315281674
 0.000000000000000019389959424459338950938
 0.063432975197228236297064540849532932043
-0.000000000000000019445965493458078469258
-0.105965773235691243514544623849360505119
 0.000000000000000019479628337068451291509
 0.318264025293827690354930837202118709683
 0.318264025293827690354930837202118709683
 0.000000000000000019479628337068451291509
-0.105965773235691243514544623849360505119
-0.000000000000000019445965493458078469258
 0.063432975197228236297064540849532932043
 0.000000000000000019389959424459338950938
-0.045152660795464358289841300120315281674
-0.000000000000000019311757764242507105166
 0.034956828550461560567441665625665336847
 0.000000000000000019211566459554869208536
-0.028436109578477367781923490497320017312
-0.000000000000000019089649032410741311763
 0.023894664539145581833023967988083313685
 0.000000000000000018946325637503076213738
-0.020541162803476273324143619447568198666
-0.000000000000000018781971918337638795264
 0.017956717312137670389260435399592097383
 0.000000000000000018597017666940966945663
-0.015898860409392871068101626974566897843
-0.000000000000000018391945292820838079089
 0.014217533340318137466407044655625213636
 0.000000000000000066079561122898063897699
-0.012814907186356097601453996048803674057
-0.000000000000000017923628432978616168045
 0.011624489638714412959030752858780033421
-0.000000000000000021751081904702941090379
-0.010599517550585543443353309100984915858
-0.000000000000000017381863421863882037433
 0.009706152483488952875667621356114977971
 0.000000000000000050127949336654630029472
-0.00891931015870045529325693678401876241 
-0.000000000000000016772206763258853800994
 0.008220006404557356552431635066113813082
-0.000000000000000011617188688324815060802
-0.007593613006320607157484392502055925434
-0.000000000000000016100851360932131790934
 0.00702867917611607086192382354283836321 
 0.000000000000000039783007612541636459487
-0.006516115604754543592924687089862345601
-0.000000000000000015374540167841315505595
 0.006048617291802504090936221103902425966
-0.000000000000000005718840349373348209668
-0.005620247416866457242090593382499719155
-0.000000000000000053106046346024622302542
 0.005226132154987234504361914844139391789
 0.000000000000000032105798212266016027556
-0.004862233393446878902677266154341850779
-0.000000000000000013786207654599911023358
 0.004525177096794254921752198583817516919
-0.000000000000000002144034369648875184284
-0.004212122048318485932616450639898175723
 0.000000000000000015935671762775294397868
 0.00392065830655560602913123346979773487 
 0.000000000000000025944246330815100761113
-0.003648727816907471402374518731903663138
-0.000000000000000012068489798185648772336
 0.003394561740510301881684762648205833102
-0.000000000000000000004052657098179091628
-0.003156630537124040670332592029012630519
-0.000000000000000032805177957788163981227
 0.002933603878294525554859539795415912522
 0.000000000000000020778239784173854585722
-0.002724318209511960610369474267145051272
-0.00000000000000001028508790646188797431 
 0.002527750316939316420350447600640109158
 0.000000000000000001189277879260092245706
-0.002342995646893254735321221460253582336
 0.000000000000000006632764458903769079114
 0.002169250416437073798042733940860671282
 0.000000000000000016354294150766679381384
-0.002005796770045008021315924295890908979
-0.000000000000000008498817723493544804489
 0.001851990400478558708441401137179127545
 0.000000000000000001740246418771978105338
-0.001707250176023756334936498646470681706
-0.000000000000000019262714582266120509419
 0.001571049411249094166984074938397952792
 0.000000000000000012543225526583894798854
-0.00144290849179885653785770927015619236 
-0.00000000000000000676848524162524435722