-0.000000000000000014678385644253308949622
-0.006235578290833026365858060557911812793
 0.000000000000000038156619023586359425152
 0.006756207529304792888669162209680507658
-0.000000000000000015509861014010453139434
-0.007330106555878019257421751575520829647
-0.000000000000000011236698471838671440575
 0.007966341535400633597219233195119159063
-0.0000000000000000162854366777928294103  
-0.008676336299238874769090834604412521003
 0.000000000000000048848873540220814702906
 0.009474688392410399520593422550973627949
-0.000000000000000016995392029331388198723
-0.010380347721479605063721329827330919215
-0.000000000000000021333968029800109027487
 0.011418360840881495305021431363456940744
-0.000000000000000017630681738723788565076
-0.012622525159513677331379888357787422137
 0.000000000000000065171830917153573930651
 0.014039559660177145655746144825570809189
-0.000000000000000018183098891361393794291
-0.015735909540242468129811470589629607275
 0.000000000000000018425931978370518370801
 0.017809353861650310119069118286461161915
-0.000000000000000018645424494729841163974
-0.020409898993931713945260142395454749931
 0.000000000000000018840850191207396634705
 0.023779957908178550596289824170526117086
-0.000000000000000019011560073288579374084
-0.028338360921284038579370800903234339785
 0.000000000000000019156985418266781794808
 0.034876380114163031687102289879476302303
-0.000000000000000019276640425044286270937
-0.045089794735026257621601786240717046894
 0.000000000000000019370124481857098444626
 0.063387912300982646174318801968183834106
-0.000000000000000019437124039251953156457
-0.105938671927108943315865019485499942675
 0.000000000000000019477414077838280027487
 0.318254980914750573717242332349997013807
 0.318254980914750573717242332349997013807
 0.000000000000000019477414077838280027487
-0.105938671927108943315865019485499942675
-0.000000000000000019437124039251953156457
 0.063387912300982646174318801968183834106
 0.000000000000000019370124481857098444626
-0.045089794735026257621601786240717046894
-0.000000000000000019276640425044286270937
 0.034876380114163031687102289879476302303
 0.000000000000000019156985418266781794808
-0.028338360921284038579370800903234339785
-0.000000000000000019011560073288579374084
 0.023779957908178550596289824170526117086
 0.000000000000000018840850191207396634705
-0.020409898993931713945260142395454749931
-0.000000000000000018645424494729841163974
 0.017809353861650310119069118286461161915
 0.000000000000000018425931978370518370801
-0.015735909540242468129811470589629607275
-0.000000000000000018183098891361393794291
 0.014039559660177145655746144825570809189
 0.000000000000000065171830917153573930651
-0.012622525159513677331379888357787422137
-0.000000000000000017630681738723788565076
 0.011418360840881495305021431363456940744
-0.000000000000000021333968029800109027487
-0.010380347721479605063721329827330919215
-0.000000000000000016995392029331388198723
 0.009474688392410399520593422550973627949
 0.000000000000000048848873540220814702906
-0.008676336299238874769090834604412521003
-0.0000000000000000162854366777928294103  
 0.007966341535400633597219233195119159063
-0.000000000000000011236698471838671440575
-0.007330106555878019257421751575520829647
-0.000000000000000015509861014010453139434
 0.006756207529304792888669162209680507658
 0.000000000000000038156619023586359425152
-0.006235578290833026365858060557911812793
-0.000000000000000014678385644253308949622