-0.004237624282017140274481104000869891024
-0.003955808990581093607941109979719840339
-0.003605498450226358748277322163744429417
-0.003184854182633515065625751105926610762
-0.002692552684704885204020063937946360966
-0.002127817615813867510587975573344010627
-0.001490447428459913811402137717720961518
-0.000780838016188571053081968198483764354
 0.000000000000000001017839792362051838144
 0.00085042967258895923055722620986784932 
 0.001768182083708629307935988883571098995
 0.002750356862077454368764595216134694056
 0.003793429000277038446592436926607661007
 0.004893262043024666947677037143193956581
 0.006045127646129504032923573930702332291
 0.007243731433612376688357947784879797837
 0.008483245007916620852861377954923227662
 0.00975734389613822430953327113911655033 
 0.011059251144661431248694682949462730903
 0.012381786206397590519023843569357268279
 0.013717418699868054454693577781654312275
 0.015058326558491296962016825489172333619
 0.016396458032434182983116954801516840234
 0.0177235969550148982076809289765151334  
 0.019031430641585304203156070457225723658
 0.020311619751683079870829828905698377639
 0.0215558694155552031668232615402303054  
 0.022756000904350176528012639209919143468
 0.023904023109695946708308511574614385609
 0.024992203093258832241607692026263976004
 0.026013134970347042557170524901266617235
 0.026959806403700305177384421995157026686
 0.027825662004207520755505456122591567691
 0.02860466296421796880689036868261609925 
 0.029291342286055049165538477495829283725
 0.029880855012895730926647530623085913248
 0.030369022920836222234619583559833699837
 0.030752373189127189118119432009734737221
 0.031028170629544354897078051180869806558
 0.0311944431249027397112794091071918956               
 0.0311944431249027397112794091071918956  
 0.031028170629544354897078051180869806558
 0.030752373189127189118119432009734737221
 0.030369022920836222234619583559833699837
 0.029880855012895730926647530623085913248
 0.029291342286055049165538477495829283725
 0.02860466296421796880689036868261609925 
 0.027825662004207520755505456122591567691
 0.026959806403700305177384421995157026686
 0.026013134970347042557170524901266617235
 0.024992203093258832241607692026263976004
 0.023904023109695946708308511574614385609
 0.022756000904350176528012639209919143468
 0.0215558694155552031668232615402303054  
 0.020311619751683079870829828905698377639
 0.019031430641585304203156070457225723658
 0.0177235969550148982076809289765151334  
 0.016396458032434182983116954801516840234
 0.015058326558491296962016825489172333619
 0.013717418699868054454693577781654312275
 0.012381786206397590519023843569357268279
 0.011059251144661431248694682949462730903
 0.00975734389613822430953327113911655033 
 0.008483245007916620852861377954923227662
 0.007243731433612376688357947784879797837
 0.006045127646129504032923573930702332291
 0.004893262043024666947677037143193956581
 0.003793429000277038446592436926607661007
 0.002750356862077454368764595216134694056
 0.001768182083708629307935988883571098995
 0.00085042967258895923055722620986784932 
 0.000000000000000001017839792362051838144
-0.000780838016188571053081968198483764354
-0.001490447428459913811402137717720961518
-0.002127817615813867510587975573344010627
-0.002692552684704885204020063937946360966
-0.003184854182633515065625751105926610762
-0.003605498450226358748277322163744429417
-0.003955808990581093607941109979719840339
-0.004237624282017140274481104000869891024