-0.00000000000000000338424262081262217861 
-0.001020290379182625054715893853085617593
-0.001505999785828214185268159042152547045
-0.001110899692273365629846537672165140975
 0.00000000000000000963135729113306025471 
 0.001207208176648328972965784622317642061
 0.001778521121617706061621144719708809134
 0.001309554970870772331453801839984407707
-0.000000000000000004249408861746772402245
-0.001418312497780898013069461605084597977
-0.002086279007845188819547654901498390245
-0.001533891679554395294504676172664403566
-0.000000000000000003316382229451884539557
 0.001656748110208786746097575637293175532
 0.002433948740100725077056820211396370723
 0.001787389390254226842480456127759680385
-0.000000000000000005142543953230943987155
-0.001926383880055899076866321451007024734
-0.002827310385584022589533503833081340417
-0.002074371195657212420954129683536848461
 0.000000000000000016402588978894081990614
 0.002232074858500948839890032360244731535
 0.003273654181264994741246132647916056158
 0.002400317625871232780215835944659374945
-0.000000000000000006034244899092824386168
-0.002580040182039257824070377367320361373
-0.003782368096961609242601110025816524285
-0.002772324075280832838402700346591700509
-0.000000000000000007967835881387647198934
 0.002978420063551378855343232388008800626
 0.004365809122512140198757446540867022122
 0.003199783411213257770105977684238496295
-0.000000000000000006893103827299955511679
-0.003438118204217962409208197982479759958
-0.005040630447854614441804965707660812768
-0.003695433486168536122568051283110435179
 0.000000000000000026553023173012311151271
 0.003974115060412457441085809506375881028
 0.005829867847128983142368507941455391119
 0.004277018303835744376939498323508814792
-0.000000000000000007687270083920657752797
-0.004607589531117429158812992540106279193
-0.006766343972338856316284250169701408595
-0.004970026708216348197699741007227203227
 0.000000000000000008050425680466065895467
 0.005369495250475676828560978037785389461
 0.007898475088307006092280815323647402693
 0.005812422270059358804517035679282344063
-0.000000000000000008386103381629426900497
-0.006306904696723163866733941063102975022
-0.009300721614809473805629558285090752179
-0.006863286240305688234997205654508434236
 0.000000000000000008690931710931941018716
 0.00749499073732487561955162291837950761 
 0.011093682465511744278385819484356034081
 0.008219755451367723175781776490111951716
-0.000000000000000008961814216489308084023
-0.009061507771748631909214388713280641241
-0.013486105931119268461215732202163053444
-0.010053314236684783578024138250839314424
 0.000000000000000009195972646410419039544
 0.011242192008620045459710290458588133333
 0.016872908154134214769870325767442409415
 0.012697316579262426378127415205199213233
-0.000000000000000009390985959168819397632
-0.014524795511794965849339256180883239722
-0.022101212774974617752965500017126032617
-0.016896079329807581898004187337392068002
 0.000000000000000009544824516205370655881
 0.02010736591350511040521276129311445402 
 0.031374869020081068426986092845254461281
 0.024718210516806869009309721718636865262
-0.000000000000000009655878882121253552583
-0.031927752637088829823497349025274161249
-0.052777011401598634965370848703969386406
-0.044853886912798159036785961006899015047
 0.000000000000000009722982746729039234629
 0.074929116828633249292046514256071532145
 0.159063236441976008084253635388449765742
 0.22504665049299241164071361254173098132
 0.22504665049299241164071361254173098132
 0.159063236441976008084253635388449765742
 0.074929116828633249292046514256071532145
 0.000000000000000009722982746729039234629
-0.044853886912798159036785961006899015047
-0.052777011401598634965370848703969386406
-0.031927752637088829823497349025274161249
-0.000000000000000009655878882121253552583
 0.024718210516806869009309721718636865262
 0.031374869020081068426986092845254461281
 0.02010736591350511040521276129311445402 
 0.000000000000000009544824516205370655881
-0.016896079329807581898004187337392068002
-0.022101212774974617752965500017126032617
-0.014524795511794965849339256180883239722
-0.000000000000000009390985959168819397632
 0.012697316579262426378127415205199213233
 0.016872908154134214769870325767442409415
 0.011242192008620045459710290458588133333
 0.000000000000000009195972646410419039544
-0.010053314236684783578024138250839314424
-0.013486105931119268461215732202163053444
-0.009061507771748631909214388713280641241
-0.000000000000000008961814216489308084023
 0.008219755451367723175781776490111951716
 0.011093682465511744278385819484356034081
 0.00749499073732487561955162291837950761 
 0.000000000000000008690931710931941018716
-0.006863286240305688234997205654508434236
-0.009300721614809473805629558285090752179
-0.006306904696723163866733941063102975022
-0.000000000000000008386103381629426900497
 0.005812422270059358804517035679282344063
 0.007898475088307006092280815323647402693
 0.005369495250475676828560978037785389461
 0.000000000000000008050425680466065895467
-0.004970026708216348197699741007227203227
-0.006766343972338856316284250169701408595
-0.004607589531117429158812992540106279193
-0.000000000000000007687270083920657752797
 0.004277018303835744376939498323508814792
 0.005829867847128983142368507941455391119
 0.003974115060412457441085809506375881028
 0.000000000000000026553023173012311151271
-0.003695433486168536122568051283110435179
-0.005040630447854614441804965707660812768
-0.003438118204217962409208197982479759958
-0.000000000000000006893103827299955511679
 0.003199783411213257770105977684238496295
 0.004365809122512140198757446540867022122
 0.002978420063551378855343232388008800626
-0.000000000000000007967835881387647198934
-0.002772324075280832838402700346591700509
-0.003782368096961609242601110025816524285
-0.002580040182039257824070377367320361373
-0.000000000000000006034244899092824386168
 0.002400317625871232780215835944659374945
 0.003273654181264994741246132647916056158
 0.002232074858500948839890032360244731535
 0.000000000000000016402588978894081990614
-0.002074371195657212420954129683536848461
-0.002827310385584022589533503833081340417
-0.001926383880055899076866321451007024734
-0.000000000000000005142543953230943987155
 0.001787389390254226842480456127759680385
 0.002433948740100725077056820211396370723
 0.001656748110208786746097575637293175532
-0.000000000000000003316382229451884539557
-0.001533891679554395294504676172664403566
-0.002086279007845188819547654901498390245
-0.001418312497780898013069461605084597977
-0.000000000000000004249408861746772402245
 0.001309554970870772331453801839984407707
 0.001778521121617706061621144719708809134
 0.001207208176648328972965784622317642061
 0.00000000000000000963135729113306025471 
-0.001110899692273365629846537672165140975
-0.001505999785828214185268159042152547045
-0.001020290379182625054715893853085617593
-0.00000000000000000338424262081262217861