-0.000000000000000007339192822126654474811
-0.004409219694067664264969241827429868863
-0.006489725755517840137531759836519995588
-0.004777360159075027916386613213717282633
 0.000000000000000007754930507005226569717
 0.005183168052481325858982241783223798848
 0.007639781476893029409092061854380517616
 0.005633054120929840112574904509301632061
-0.00000000000000000814271833889641470515 
-0.006135096233046813223033222328695046599
-0.009063402353513206471946617170942772646
-0.006699616411902862764260468964039318962
 0.000000000000000008497696014665694099361
 0.007340014264932568678612145873785266303
 0.010880942294682324766874614851985825226
 0.008074000380622236433536542676847602706
-0.000000000000000008815340869361894282538
-0.008925473135989944739598911382927326486
-0.013300848258345395955237755458711035317
-0.009927467840584361380429356813692720607
 0.000000000000000009091549445680696897145
 0.01112696834404355329672942076513209031 
 0.016717683635803649855322561279535875656
 0.012593114884123766256118770456851052586
-0.000000000000000009322712247364920581987
-0.014431977981941629049500441794862126699
-0.021978173863593197107091370412490505259
-0.016814969493203730382946403665300749708
 0.000000000000000009505780036644289687042
 0.020038247175151829154726712545198097359
 0.031285731415138830213695797510808915831
 0.024661324881964329785999368027660239022
-0.000000000000000009638320212522143135468
-0.031883299619446567318981067273853113875
-0.052723023202399618702962413863133406267
-0.044822022633282998516079942419310100377
 0.000000000000000009718562019625976578228
 0.074909953309555674105801870155119104311
 0.159045155643237040576920549028727691621
 0.225040255151215368156769613960932474583
 0.225040255151215368156769613960932474583
 0.159045155643237040576920549028727691621
 0.074909953309555674105801870155119104311
 0.000000000000000009718562019625976578228
-0.044822022633282998516079942419310100377
-0.052723023202399618702962413863133406267
-0.031883299619446567318981067273853113875
-0.000000000000000009638320212522143135468
 0.024661324881964329785999368027660239022
 0.031285731415138830213695797510808915831
 0.020038247175151829154726712545198097359
 0.000000000000000009505780036644289687042
-0.016814969493203730382946403665300749708
-0.021978173863593197107091370412490505259
-0.014431977981941629049500441794862126699
-0.000000000000000009322712247364920581987
 0.012593114884123766256118770456851052586
 0.016717683635803649855322561279535875656
 0.01112696834404355329672942076513209031 
 0.000000000000000009091549445680696897145
-0.009927467840584361380429356813692720607
-0.013300848258345395955237755458711035317
-0.008925473135989944739598911382927326486
-0.000000000000000008815340869361894282538
 0.008074000380622236433536542676847602706
 0.010880942294682324766874614851985825226
 0.007340014264932568678612145873785266303
 0.000000000000000008497696014665694099361
-0.006699616411902862764260468964039318962
-0.009063402353513206471946617170942772646
-0.006135096233046813223033222328695046599
-0.00000000000000000814271833889641470515 
 0.005633054120929840112574904509301632061
 0.007639781476893029409092061854380517616
 0.005183168052481325858982241783223798848
 0.000000000000000007754930507005226569717
-0.004777360159075027916386613213717282633
-0.006489725755517840137531759836519995588
-0.004409219694067664264969241827429868863
-0.000000000000000007339192822126654474811